0,2,3,7,13,14,15,16,17,19,21,24,28,31,32,33,35,45,46,53,57,60,61,64,68,72,73,76,78,90,95,104,106,110,112,113,125,126,142,144,147,149,150,151,154,157,169,180,188,191,193,194,196,197,198,199,200,202,203,204,205,209,210,213,214,227,232,233,244,259,270,278,281,282,283,295,296,298,299,300,301,312,314,322
1,12,22,42,48,59,62,65,75,80,88,94,98,103,105,107
4,26,43,66,71,85,87,92,102,108,130,132,141,143,145,146,156,159,164,166,167,172,175,176,178,183,190,201,208,211,212,224,226,231,254,305,316,317,318,321
5,117,128,129,134,139,148,152,161,162,177,181,182,184,187,207,216,225,230,236,238,241,242,245,246,247,249,251,256,258,260,263,264,265,271,272,275,277,293,303,308,309,319,320
6,20,34,36,37,40,44,50,54,55,58,69,77,79,84,93,100,111,116,119,120,122,123,124,140,155,158,170,171,192,195,215,217,221,228,235,237,253,255,257,261,262,273,274,279,280,284,285,286,287,288,289,290,291
8,11,18,27,29,38,39,56,74,86,118,127,163,174,179
9,30,41,49,51,91,96,99,101,131,133,138,153,168,173,218,223,229,252,266,313
10,47,52,109,135,186,206
23,25,63,67,70,82,89,97,114,115,121,136,137,219,220,234,239,240,267,269
81,160,165
83
185,189,222,248,250,268,276,294,297,302
243
292,304,306,307,311
310
315
323
